kinematics:
  shoulder:
    x: 0
    y: 0
    z: 0.1624966884596482
    roll: -0
    pitch: 0
    yaw: 4.108680771996998e-08
  upper_arm:
    x: 0.0001790858249197734
    y: 0
    z: 0
    roll: 1.571346634742703
    pitch: 0
    yaw: 1.921416325761014e-06
  forearm:
    x: -0.4249876964404896
    y: 0
    z: 0
    roll: 3.141547524398562
    pitch: -3.141342646087362
    yaw: 3.141584295230257
  wrist_1:
    x: -0.3920675442061448
    y: -0.0009700998112326586
    z: 0.1335830024176296
    roll: 0.00726202241483636
    pitch: 0.001233362279612797
    yaw: -2.56785998090219e-06
  wrist_2:
    x: -1.40573572672984e-05
    y: -0.09961069992390052
    z: 0.0001848889016943267
    roll: 1.568940214052873
    pitch: 0
    yaw: 8.021991771377246e-08
  wrist_3:
    x: 3.476322673078924e-05
    y: 0.09952275052441197
    z: 6.368959232307998e-06
    roll: 1.570860321802973
    pitch: 3.141592653589793
    yaw: 3.141592315757431
  hash: calib_16710222377929280582