kinematics:
  shoulder:
    x: 0
    y: 0
    z: 0.1625990952233552
    roll: -0
    pitch: 0
    yaw: -2.612300780290466e-07
  upper_arm:
    x: 0.0001306776100121713
    y: 0
    z: 0
    roll: 1.569903214300995
    pitch: 0
    yaw: 9.219434282887778e-06
  forearm:
    x: -0.4251394351693955
    y: 0
    z: 0
    roll: 3.138299428147249
    pitch: 3.139659257712883
    yaw: 3.141588664282579
  wrist_1:
    x: -0.3923831821836166
    y: -0.0007309318411224721
    z: 0.1335968204174827
    roll: 0.005471122334991155
    pitch: -0.0008544994181814207
    yaw: 5.151672452018941e-06
  wrist_2:
    x: 0.0001146756683256672
    y: -0.09974505188276671
    z: 1.694862433213717e-05
    roll: 1.570626407346773
    pitch: 0
    yaw: 1.076152363417132e-06
  wrist_3:
    x: -2.271316063559989e-05
    y: 0.09963490540669918
    z: 9.077513245173914e-05
    roll: 1.57170740416246
    pitch: 3.141592653589793
    yaw: 3.141592566732415
  hash: calib_8589354659696660463